bedroom,parlor,toilet,cookroom,build_size,face,year,distance_metro_code,fitment,floor_total_floor_scale,dealdate,is_school_district,money,biz_scale
1,1,1,1,29.0,0,25,0,2,5,156,0,1390000.0,0.808542165673
1,1,1,1,36.42,0,25,0,3,2,156,0,1730000.0,0.808542165673
1,1,1,1,25.85,0,22,0,2,3,156,0,830000.0,0.808542165673
1,1,2,1,35.95,0,25,4,2,3,156,1,1620000.0,0.808542165673
1,0,1,1,25.0,0,26,0,3,6,156,0,850000.0,0.808542165673
1,0,1,1,38.38,0,25,6,2,4,156,1,1100000.0,0.808542165673
1,0,1,1,37.88,0,23,5,3,8,156,0,1180000.0,0.808542165673
1,1,1,1,41.0,10.0,28,5,3,5,156,0,2150000.0,0.808542165673
1,0,1,1,26.52,6.0,24,5,2,4,156,1,856000.0,0.808542165673
1,0,1,1,49.0,0,26,0,3,1,156,0,1730000.0,0.808542165673
1,0,1,1,25.3,8.0,22,2,2,8,156,0,950000.0,0.808542165673
1,1,1,1,34.71,0,25,0,3,3,156,0,1647000.0,0.808542165673
1,1,2,1,28.0,0,24,0,3,9,156,0,1500000.0,0.808542165673
1,1,1,1,51.0,0,27,0,3,3,156,0,1750000.0,0.808542165673
1,1,2,1,35.84,0,25,0,3,9,156,0,1760000.0,0.808542165673
1,1,1,1,25.52,0,23,0,3,3,156,0,900000.0,0.808542165673
1,0,1,1,24.0,0,23,5,3,1,156,1,830000.0,0.808542165673
1,1,1,1,30.0,0,24,6,3,10,156,0,1650000.0,0.808542165673
1,0,1,1,49.97,6.0,29,6,3,1,156,1,1430000.0,0.808542165673
1,0,1,1,31.14,0,28,6,3,2,156,0,1200000.0,0.808542165673
1,1,2,1,30.27,0,27,0,3,8,156,0,1815000.0,0.808542165673
1,0,1,1,38.0,0,26,0,3,1,156,0,1250000.0,0.808542165673
1,1,1,1,34.24,2.0,20,6,3,3,156,1,1200000.0,0.808542165673
1,1,2,1,33.0,0,27,0,3,7,156,0,1950000.0,0.808542165673
1,1,1,1,54.02,0,27,0,3,4,156,0,1150000.0,0.808542165673
1,1,1,1,50.24,8.0,25,6,3,9,156,1,2600000.0,0.808542165673
1,0,1,1,38.16,0,26,3,3,2,156,0,1390000.0,0.808542165673
1,0,1,1,52.0,0,26,0,3,1,157,0,1670000.0,0.862942064997
1,1,1,1,31.87,0,24,6,3,6,157,0,1720000.0,0.862942064997
1,1,1,1,27.86,0,22,6,3,7,157,0,1560000.0,0.862942064997
1,0,1,1,25.52,0,23,0,3,3,157,0,950000.0,0.862942064997
1,0,1,1,25.0,0,23,0,3,3,157,0,1000000.0,0.862942064997
1,1,1,1,35.77,0,25,0,3,9,157,0,1840000.0,0.862942064997
1,1,1,1,29.91,0,27,0,3,7,157,0,1850000.0,0.862942064997
1,0,1,1,28.8,0,24,6,3,2,157,0,1030000.0,0.862942064997
1,1,1,1,50.0,0,24,0,1,7,158,0,2350000.0,0.860250853904
1,1,1,1,34.0,0,26,6,3,6,157,1,1740000.0,0.862942064997
1,0,1,1,34.0,0,26,6,2,4,158,0,1200000.0,0.860250853904
1,1,1,1,33.0,8.0,25,6,2,6,158,1,1950000.0,0.860250853904
1,0,1,1,27.09,0,24,0,3,8,158,0,950000.0,0.860250853904
1,1,1,1,35.0,0,24,0,3,7,158,0,1800000.0,0.860250853904
1,1,1,1,35.6,4.0,25,4,3,10,158,1,1930000.0,0.860250853904
1,0,1,1,32.19,0,24,0,3,3,158,0,1360000.0,0.860250853904
1,1,1,1,28.62,0,22,0,3,3,158,0,1090000.0,0.860250853904
1,1,1,1,51.35,8.0,27,6,3,3,158,1,2050000.0,0.860250853904
1,0,1,1,26.36,6.0,23,5,3,3,158,1,1040000.0,0.860250853904
1,1,1,1,33.0,0,24,6,3,4,158,1,1850000.0,0.860250853904
1,1,1,1,48.0,0,27,0,3,7,158,0,2680000.0,0.860250853904
1,0,1,1,34.0,0,23,0,3,4,158,0,1330000.0,0.860250853904
1,1,1,1,36.0,0,24,0,3,7,158,0,1900000.0,0.860250853904
1,0,1,1,38.0,0,23,0,3,2,158,0,1300000.0,0.860250853904
1,1,1,1,44.0,0,27,0,3,6,158,0,2480000.0,0.860250853904
1,0,1,1,31.0,0,24,0,3,3,158,0,1380000.0,0.860250853904
1,1,1,1,33.0,0,25,0,2,7,158,0,1780000.0,0.860250853904
1,1,1,1,34.2,0,23,0,3,6,158,0,1275000.0,0.860250853904
1,0,1,1,32.48,0,24,0,3,4,158,0,1240000.0,0.860250853904
1,1,1,1,28.5,0,25,0,2,3,158,0,1650000.0,0.860250853904
1,1,1,1,61.0,0,26,0,3,3,158,0,2220000.0,0.860250853904
1,0,1,0,38.0,0,23,5,3,5,158,0,1370000.0,0.860250853904
1,0,1,1,48.0,0,15,0,3,3,158,0,1850000.0,0.860250853904
1,1,1,1,31.66,8.0,25,6,3,8,158,1,1860000.0,0.860250853904
1,1,1,1,54.0,0,27,0,2,6,158,0,1080000.0,0.860250853904
1,1,1,1,36.65,0,20,0,2,1,158,0,1200000.0,0.860250853904
1,1,1,1,61.0,0,23,0,2,7,158,0,1950000.0,0.860250853904
1,1,1,1,35.56,0,26,0,3,6,158,0,2300000.0,0.860250853904
1,1,2,1,29.0,0,25,0,3,8,158,0,1700000.0,0.860250853904
1,0,1,1,22.0,0,22,5,3,3,158,0,950000.0,0.860250853904
1,1,1,1,36.0,0,27,0,3,2,158,0,2300000.0,0.860250853904
1,1,1,1,28.0,0,24,0,2,8,158,0,1650000.0,0.860250853904
1,0,1,1,25.0,0,26,0,3,8,158,0,1030000.0,0.860250853904
1,1,1,1,26.0,0,22,4,3,4,158,0,920000.0,0.860250853904
1,0,1,1,27.09,0,24,0,3,1,158,0,1010000.0,0.860250853904
1,1,2,1,51.19,0,24,0,3,6,158,0,2665000.0,0.860250853904
1,1,1,1,30.0,0,24,6,3,10,159,0,2000000.0,0.875176966309
1,1,1,1,30.0,0,24,3,3,2,159,0,1000000.0,0.875176966309
1,0,1,1,36.77,0,23,0,2,4,159,0,1190000.0,0.875176966309
1,0,1,0,27.0,0,23,4,2,10,159,0,950000.0,0.875176966309
1,1,1,1,38.38,0,23,0,3,5,159,0,1270000.0,0.875176966309
1,0,1,1,26.02,0,24,0,2,4,159,0,1100000.0,0.875176966309
1,1,1,1,25.3,0,20,0,3,3,159,0,980000.0,0.875176966309
1,1,1,1,26.0,0,23,0,3,3,159,0,1000000.0,0.875176966309
1,1,1,1,23.8,0,23,5,2,2,159,0,900000.0,0.875176966309
1,0,1,1,26.0,0,24,6,3,2,160,0,1050000.0,0.898434193017
1,1,1,1,38.0,0,26,0,3,3,160,0,1200000.0,0.898434193017
1,1,1,1,26.0,0,24,5,2,6,160,0,1520000.0,0.898434193017
1,0,1,1,26.79,0,24,3,3,3,160,0,1000000.0,0.898434193017
1,0,1,0,22.0,0,24,4,3,3,160,0,980000.0,0.898434193017
1,1,1,1,32.93,0,25,0,3,7,160,0,1780000.0,0.898434193017
1,1,1,1,33.84,0,22,0,3,7,160,0,1980000.0,0.898434193017
1,1,2,1,33.97,0,25,0,2,5,160,0,1790000.0,0.898434193017
1,0,1,0,25.0,0,26,6,2,2,160,0,900000.0,0.898434193017
1,0,1,1,38.38,0,23,6,3,2,160,0,1300000.0,0.898434193017
2,0,1,1,28.0,0,24,4,3,7,160,0,1625000.0,0.898434193017
1,0,1,1,41.0,0,26,0,3,4,160,0,1550000.0,0.898434193017
1,0,1,1,38.38,4.0,24,5,2,6,160,0,1250000.0,0.898434193017
1,0,1,1,22.0,4.0,25,4,3,2,160,0,875000.0,0.898434193017
1,0,1,0,25.3,8.0,23,6,3,5,160,1,955000.0,0.898434193017
1,1,1,1,29.0,0,25,0,3,8,161,0,1600000.0,0.866482402042
1,1,1,1,26.0,0,26,0,2,7,161,0,920000.0,0.866482402042
1,1,1,1,30.0,0,22,5,3,8,161,0,1680000.0,0.866482402042
1,0,1,1,23.0,8.0,23,6,3,1,161,0,910000.0,0.866482402042
1,0,1,1,26.71,0,26,0,3,8,161,0,1020000.0,0.866482402042
1,1,1,1,21.7,0,22,0,3,4,161,0,960000.0,0.866482402042
1,1,1,1,31.0,0,24,0,2,8,161,0,1660000.0,0.866482402042
1,1,1,1,30.0,0,27,0,3,4,161,0,1810000.0,0.866482402042
1,0,1,1,25.52,6.0,23,5,3,3,161,1,1000000.0,0.866482402042
1,0,1,1,26.34,8.0,25,6,3,4,161,0,1000000.0,0.866482402042
1,0,1,1,28.0,0,24,0,3,2,161,0,1190000.0,0.866482402042
1,0,1,1,25.0,0,24,6,3,4,161,1,990000.0,0.866482402042
1,1,1,1,21.12,0,22,6,1,2,162,0,990000.0,0.94320653752
1,1,1,1,33.86,0,20,0,3,8,162,0,1190000.0,0.94320653752
1,0,1,1,38.38,0,24,0,3,8,162,0,1320000.0,0.94320653752
1,1,1,1,36.0,0,25,0,2,7,162,0,1785000.0,0.94320653752
1,1,1,1,32.71,0,25,0,3,3,162,0,1940000.0,0.94320653752
1,1,1,1,26.34,0,22,0,3,3,162,0,1280000.0,0.94320653752
1,1,1,1,28.95,0,23,5,3,8,162,1,1800000.0,0.94320653752
1,0,1,1,27.0,0,23,5,3,4,162,1,1030000.0,0.94320653752
1,1,1,1,35.56,0,28,0,3,6,162,0,2520000.0,0.94320653752
1,1,1,1,30.25,0,20,0,3,7,162,0,1120000.0,0.94320653752
1,0,1,0,33.98,6.0,20,6,3,2,163,1,1370000.0,0.913856137558
1,1,1,1,31.87,0,25,6,3,2,163,0,1850000.0,0.913856137558
1,1,1,1,38.06,0,27,0,3,2,163,0,2300000.0,0.913856137558
1,1,2,1,38.1,0,27,5,2,9,163,1,2200000.0,0.913856137558
1,1,1,1,28.0,0,24,6,3,5,163,0,1800000.0,0.913856137558
1,1,1,1,133.58,0,25,6,2,1,163,0,3250000.0,0.913856137558
2,1,1,1,39.48,10.0,25,6,3,4,163,1,2030000.0,0.913856137558
1,1,1,1,30.89,0,22,6,3,9,163,0,1655000.0,0.913856137558
1,0,1,1,26.0,8.0,22,6,3,2,163,0,1276000.0,0.913856137558
2,1,1,1,34.0,0,24,0,3,7,163,0,1910000.0,0.913856137558
1,0,1,1,25.0,0,23,6,3,8,163,0,1050000.0,0.913856137558
1,1,1,1,30.72,0,22,4,3,2,163,0,1830000.0,0.913856137558
3,0,2,1,36.0,8.0,27,6,3,9,163,1,2360000.0,0.913856137558
1,1,2,1,34.1,0,23,0,3,6,163,0,1980000.0,0.913856137558
1,1,1,1,34.53,0,22,0,3,6,163,0,1940000.0,0.913856137558
2,0,2,2,33.09,0,22,0,3,4,164,0,1900000.0,0.975720379949
1,0,1,1,33.98,0,20,0,3,7,164,0,1480000.0,0.975720379949
1,1,2,1,35.34,0,24,4,3,8,164,0,2180000.0,0.975720379949
1,1,1,1,34.0,0,23,6,3,10,164,0,1490000.0,0.975720379949
1,1,1,1,31.0,0,27,6,3,2,164,0,1300000.0,0.975720379949
1,1,1,1,28.0,0,22,0,3,10,164,0,1800000.0,0.975720379949
1,1,1,1,22.3,0,25,3,3,4,164,0,1050000.0,0.975720379949
1,1,2,1,38.16,0,27,0,3,4,164,0,2360000.0,0.975720379949
1,1,1,1,23.8,0,23,4,3,10,164,1,1030000.0,0.975720379949
3,2,2,1,150.98,0,23,0,3,4,164,0,4600000.0,0.975720379949
1,1,1,1,33.98,0,23,3,2,3,164,0,1340000.0,0.975720379949
1,0,1,1,30.25,0,23,4,3,10,164,0,1250000.0,0.975720379949
1,1,1,1,38.0,0,20,6,3,7,164,0,1450000.0,0.975720379949
1,1,1,1,27.63,4.0,22,6,3,2,164,1,1840000.0,0.975720379949
1,1,1,1,36.0,0,25,0,3,2,164,0,1900000.0,0.975720379949
1,1,1,1,29.0,0,25,0,3,5,164,0,1815000.0,0.975720379949
1,1,1,1,30.56,0,26,0,3,2,165,0,1800000.0,0.978039231039
1,1,1,1,26.36,2.0,20,6,3,7,165,0,1090000.0,0.978039231039
1,1,1,1,23.8,0,20,6,2,4,165,1,1040000.0,0.978039231039
1,1,1,1,31.14,0,24,0,3,9,165,0,2000000.0,0.978039231039
1,1,1,1,33.0,8.0,25,6,3,8,165,1,1970000.0,0.978039231039
1,1,1,1,28.57,0,25,4,3,8,165,0,1350000.0,0.978039231039
1,1,1,1,25.39,0,20,3,3,8,165,1,1110000.0,0.978039231039
1,1,1,1,26.0,9.0,22,5,3,2,165,0,1130000.0,0.978039231039
1,1,1,1,32.5,0,22,0,3,9,165,0,2080000.0,0.978039231039
1,1,1,1,29.74,0,25,5,3,5,165,0,1950000.0,0.978039231039
1,1,1,1,31.76,0,27,5,3,2,165,0,2090000.0,0.978039231039
1,0,1,1,22.22,0,24,0,3,2,165,0,1100000.0,0.978039231039
1,1,1,1,35.0,0,26,0,3,8,165,0,1740000.0,0.978039231039
1,1,1,1,31.53,0,25,0,3,2,165,0,2150000.0,0.978039231039
1,1,1,1,37.75,0,22,0,2,8,166,0,2155000.0,0.999643114987
1,1,1,1,21.97,0,22,0,2,4,166,0,1160000.0,0.999643114987
1,1,1,1,30.72,0,25,1,3,7,166,0,2040000.0,0.999643114987
1,1,1,1,34.0,9.0,25,6,3,2,166,0,2010000.0,0.999643114987
1,0,1,1,21.69,0,22,5,2,4,166,0,1150000.0,0.999643114987
1,0,1,1,26.17,0,23,4,3,1,167,0,1139000.0,0.975141137383
1,1,1,1,34.2,0,20,1,2,3,167,0,1575000.0,0.975141137383
1,0,1,1,50.0,0,28,2,3,5,167,0,2200000.0,0.975141137383
1,1,1,1,28.38,0,25,0,3,8,167,0,1680000.0,0.975141137383
1,1,1,1,29.34,0,23,6,3,7,167,0,1850000.0,0.975141137383
1,1,1,1,38.81,0,24,0,2,6,167,0,2335000.0,0.975141137383
1,0,1,1,25.85,0,22,5,3,3,168,0,1325000.0,0.953107534647
1,1,1,1,28.79,0,22,0,3,4,168,0,1690000.0,0.953107534647
1,1,1,1,35.1,10.0,23,5,2,2,168,0,1900000.0,0.953107534647
1,1,1,1,39.65,0,22,0,3,6,168,0,2630000.0,0.953107534647
1,1,1,1,32.62,0,22,6,3,6,169,0,2030000.0,0.954008874579
1,0,1,1,38.38,0,23,6,3,2,169,0,1485000.0,0.954008874579
1,1,1,1,26.49,0,24,0,3,3,169,0,1343000.0,0.954008874579
1,1,1,1,37.41,0,22,0,3,2,169,0,2450000.0,0.954008874579
1,1,2,1,33.09,0,25,6,3,7,169,0,2200000.0,0.954008874579
1,1,1,1,31.53,0,22,5,3,4,169,0,2090000.0,0.954008874579
1,1,1,1,27.59,0,25,6,2,7,169,1,1855000.0,0.954008874579
1,0,1,0,25.52,0,23,6,3,3,170,0,1106000.0,1.05668322442
1,1,2,1,34.0,0,27,5,3,8,170,0,2300000.0,1.05668322442
1,0,1,1,43.87,0,22,5,3,4,170,0,1852000.0,1.05668322442
1,1,1,1,32.13,0,23,6,3,7,170,1,2110000.0,1.05668322442
1,1,1,1,38.0,8.0,25,6,2,9,170,1,2100000.0,1.05668322442
1,1,1,1,25.41,0,24,5,3,7,170,0,1174000.0,1.05668322442
1,0,1,1,26.52,0,25,6,2,3,170,0,1100000.0,1.05668322442
1,0,1,1,33.98,0,20,2,2,2,170,0,1480000.0,1.05668322442
1,0,1,1,25.3,8.0,26,6,3,7,170,0,1180000.0,1.05668322442
1,1,1,1,34.2,0,23,4,3,2,170,0,1320000.0,1.05668322442
1,0,1,1,32.0,0,24,6,3,2,171,0,1500000.0,1.03745096891
1,1,1,1,25.3,0,23,5,3,7,171,0,1210000.0,1.03745096891
1,1,1,1,26.0,0,23,5,3,7,171,0,1080000.0,1.03745096891
1,1,1,1,23.8,0,26,6,2,2,171,0,1160000.0,1.03745096891
1,0,1,1,28.29,0,22,1,2,4,171,0,1170000.0,1.03745096891
1,1,1,1,29.68,0,26,5,2,2,171,0,1200000.0,1.03745096891
1,1,1,1,28.0,0,22,6,3,6,171,0,1680000.0,1.03745096891
1,0,1,1,26.34,0,24,5,3,2,171,0,1220000.0,1.03745096891
1,1,1,1,22.3,0,25,3,3,4,172,0,1130000.0,1.02805860546
1,0,1,1,25.52,0,23,5,2,10,172,0,1100000.0,1.02805860546
1,0,1,1,26.0,0,25,4,2,3,172,0,1270000.0,1.02805860546
1,1,1,1,30.56,0,25,4,3,6,172,1,1840000.0,1.02805860546
2,1,2,1,48.0,0,27,4,3,4,172,0,3050000.0,1.02805860546
1,1,1,1,31.52,0,25,4,3,8,172,0,2000000.0,1.02805860546
1,1,2,1,39.05,0,27,4,3,5,172,0,2535000.0,1.02805860546
1,0,1,1,34.76,0,24,4,2,3,173,0,1250000.0,0.968073480241
1,1,1,1,35.34,0,23,6,2,4,173,1,1580000.0,0.968073480241
2,1,1,1,35.34,0,27,4,2,6,173,1,2300000.0,0.968073480241
1,1,1,1,37.72,0,27,4,2,7,173,0,2470000.0,0.968073480241
1,1,1,0,25.52,2.0,23,6,3,7,173,0,1005000.0,0.968073480241
1,1,1,1,28.38,0,25,4,2,6,174,1,1600000.0,0.846871906337
1,1,2,1,39.65,0,27,4,3,8,174,1,2300000.0,0.846871906337
1,1,2,1,30.2,0,27,4,3,6,174,1,1800000.0,0.846871906337
1,0,1,1,34.24,0,23,5,2,2,174,0,1070000.0,0.846871906337
1,1,1,1,28.0,0,25,4,3,8,174,0,1500000.0,0.846871906337
1,1,1,1,30.13,0,27,4,3,5,174,0,1700000.0,0.846871906337
1,1,1,1,32.93,0,30,5,2,3,174,1,1663000.0,0.846871906337
1,1,1,1,39.09,0,27,4,2,4,174,1,2300000.0,0.846871906337
1,1,1,1,23.8,0,23,4,3,10,174,1,1030000.0,0.846871906337
1,0,1,1,26.0,0,25,4,3,4,174,0,1127000.0,0.846871906337
1,0,1,1,28.0,0,25,4,3,7,175,1,1680000.0,0.964045356109
1,0,1,1,26.05,0,25,6,3,5,175,0,1050000.0,0.964045356109
1,1,1,1,31.76,0,27,4,3,4,175,0,1730000.0,0.964045356109
1,1,1,1,28.57,0,25,4,3,6,175,0,1690000.0,0.964045356109
1,0,1,1,25.84,0,26,6,3,2,175,0,1015000.0,0.964045356109
1,1,1,0,26.79,0,23,6,3,6,175,1,1160000.0,0.964045356109
1,1,1,1,25.41,0,24,5,3,7,175,0,1150000.0,0.964045356109
1,0,1,1,26.04,0,25,4,3,4,175,0,1150000.0,0.964045356109
1,1,1,1,37.0,0,23,6,3,7,175,0,1630000.0,0.964045356109
2,1,2,1,47.55,0,27,4,2,4,175,0,3050000.0,0.964045356109
1,1,1,1,39.0,0,27,4,0,8,175,1,2440000.0,0.964045356109
1,1,1,1,34.2,0,23,4,3,4,175,0,1162000.0,0.964045356109
1,1,1,1,31.9,0,23,4,3,5,175,1,1600000.0,0.964045356109
1,0,1,1,34.24,0,20,4,2,1,176,1,1200000.0,0.913505749392
1,1,1,1,33.98,0,23,4,2,2,176,0,1045000.0,0.913505749392
1,0,1,1,22.0,4.0,25,4,3,2,176,0,1030000.0,0.913505749392
1,0,1,1,23.8,0,20,4,3,10,176,0,1040000.0,0.913505749392
1,1,1,1,26.79,0,20,1,2,3,176,0,1050000.0,0.913505749392
1,1,1,1,43.87,0,24,4,3,3,176,0,1400000.0,0.913505749392
1,1,1,0,27.09,0,20,4,2,2,176,0,1150000.0,0.913505749392
1,0,1,1,26.0,2.0,23,6,3,8,176,0,1145000.0,0.913505749392
1,0,1,0,19.14,0,20,5,3,8,176,0,1000000.0,0.913505749392
2,1,2,1,48.0,0,27,5,3,8,177,0,3100000.0,0.965647914779
1,1,1,1,38.16,0,23,4,2,10,177,0,1140000.0,0.965647914779
1,1,1,1,28.34,0,25,4,2,7,177,0,1590000.0,0.965647914779
1,0,1,0,25.39,0,20,4,3,10,177,0,1095000.0,0.965647914779
1,1,1,1,33.21,5.0,25,6,2,6,177,0,1780000.0,0.965647914779
1,0,1,0,26.79,0,23,5,2,4,177,1,1090000.0,0.965647914779
1,1,1,1,29.09,0,25,4,2,7,177,0,1585000.0,0.965647914779
1,1,1,1,35.0,0,25,6,3,7,177,1,1700000.0,0.965647914779
1,1,1,1,28.71,0,25,4,3,2,177,0,990000.0,0.965647914779
1,1,1,1,37.45,0,25,6,2,8,177,1,2140000.0,0.965647914779
1,0,1,1,27.0,0,23,4,2,1,177,0,1050000.0,0.965647914779
1,1,1,1,26.79,0,20,5,2,3,177,1,1180000.0,0.965647914779
1,1,1,1,27.12,8.0,23,6,2,3,177,0,1530000.0,0.965647914779
1,1,1,1,25.0,0,23,4,3,2,177,0,1000000.0,0.965647914779
1,1,1,1,33.0,0,25,4,2,3,177,1,1850000.0,0.965647914779
1,0,1,1,26.71,0,26,6,2,6,177,1,1200000.0,0.965647914779
1,1,1,1,30.25,0,23,5,3,5,177,1,1270000.0,0.965647914779
1,1,1,1,31.9,0,25,4,2,6,177,0,1730000.0,0.965647914779
1,1,1,1,32.21,8.0,25,6,2,7,177,0,1750000.0,0.965647914779
1,0,1,1,24.0,4.0,25,4,3,2,177,0,1000000.0,0.965647914779
1,1,2,1,36.0,0,25,5,3,9,177,0,1750000.0,0.965647914779
1,1,2,1,53.62,0,25,5,2,9,177,0,3400000.0,0.965647914779
1,0,1,1,38.0,0,23,4,3,7,177,0,1283000.0,0.965647914779
1,1,1,1,37.85,0,23,6,3,3,177,1,1308500.0,0.965647914779
1,1,1,1,38.06,0,27,5,2,4,178,1,2100000.0,0.92759181457
1,1,1,1,21.53,0,25,6,2,2,178,0,1118000.0,0.92759181457
1,1,1,1,35.73,0,25,4,3,7,178,1,1970000.0,0.92759181457
1,1,1,1,23.8,0,23,5,2,5,178,0,1100000.0,0.92759181457
1,1,1,1,26.71,0,20,4,2,7,178,1,1200000.0,0.92759181457
1,1,1,1,32.4,0,25,4,2,2,178,1,1770000.0,0.92759181457
1,0,1,1,34.25,0,27,4,2,3,178,0,1390000.0,0.92759181457
1,1,1,1,30.31,0,27,5,3,5,178,1,1850000.0,0.92759181457
1,0,1,1,32.58,0,24,6,2,4,178,1,1280000.0,0.92759181457
1,1,1,1,32.77,0,25,6,3,4,177,1,1830000.0,0.965647914779
1,1,1,1,31.4,0,25,5,2,9,178,0,1760000.0,0.92759181457
1,1,1,1,37.88,0,23,6,2,10,178,0,1450000.0,0.92759181457
1,1,1,1,32.8,0,25,6,2,4,178,1,1800000.0,0.92759181457
2,0,2,0,32.0,0,25,6,2,2,178,0,1660000.0,0.92759181457
1,0,1,0,30.25,4.0,20,4,3,3,178,0,1280000.0,0.92759181457
1,1,1,1,32.0,0,25,6,2,8,178,1,1700000.0,0.92759181457
1,0,1,1,23.8,8.0,23,5,3,7,178,0,1040000.0,0.92759181457
1,0,1,1,25.0,10.0,23,4,3,2,178,0,1230000.0,0.92759181457
1,0,1,1,22.13,0,25,4,3,4,178,1,1150000.0,0.92759181457
1,0,1,0,25.39,8.0,23,3,3,6,179,0,1145000.0,0.908566450073
1,1,1,1,32.71,0,25,6,2,7,179,1,1830000.0,0.908566450073
1,1,1,1,35.34,0,25,6,3,3,179,0,1850000.0,0.908566450073
1,0,1,1,26.79,2.0,23,4,2,4,179,0,1090000.0,0.908566450073
1,1,1,1,31.14,0,27,4,2,3,179,1,2040000.0,0.908566450073
1,0,1,1,26.0,6.0,23,6,3,4,179,0,1180000.0,0.908566450073
1,0,1,1,26.0,0,22,5,2,2,179,0,1140000.0,0.908566450073
1,1,1,1,26.99,0,22,4,2,9,179,0,1355000.0,0.908566450073
1,0,1,1,26.0,0,23,4,3,8,179,1,1200000.0,0.908566450073
1,1,1,1,43.88,0,24,6,2,9,179,1,2480000.0,0.908566450073
1,1,1,1,36.0,0,24,6,3,7,179,0,2380000.0,0.908566450073
1,0,1,1,26.0,0,23,4,3,7,179,0,1200000.0,0.908566450073
1,1,1,1,25.52,0,20,6,3,1,179,1,1200000.0,0.908566450073
1,0,1,0,26.79,2.0,23,6,3,2,179,0,1190000.0,0.908566450073
1,0,1,1,27.09,0,23,4,2,7,179,1,1200000.0,0.908566450073
1,0,1,1,27.0,8.0,25,4,3,2,179,0,1035000.0,0.908566450073
1,1,1,1,37.45,0,27,6,3,3,179,1,1450000.0,0.908566450073
1,1,1,1,30.06,0,20,6,2,8,179,1,1300000.0,0.908566450073
1,0,1,0,26.79,0,23,4,2,6,180,1,1010000.0,0.980267540344
1,1,1,1,33.05,0,23,5,2,8,180,1,1670000.0,0.980267540344
1,1,2,1,37.75,0,25,6,2,5,180,1,2016000.0,0.980267540344
1,1,1,1,35.91,0,24,6,2,4,180,0,2050000.0,0.980267540344
1,1,1,1,32.0,0,25,6,3,9,180,1,1800000.0,0.980267540344
1,1,1,1,27.0,6.0,23,4,3,2,180,0,1100000.0,0.980267540344
1,1,1,1,31.87,0,25,4,3,3,180,1,1700000.0,0.980267540344
1,0,0,0,38.0,0,23,4,2,8,180,1,1430000.0,0.980267540344
1,1,1,1,34.24,0,23,4,2,8,180,0,1300000.0,0.980267540344
1,0,1,0,26.79,2.0,20,5,2,6,180,0,1220000.0,0.980267540344
1,1,1,1,31.32,0,25,4,2,10,180,1,1950000.0,0.980267540344
1,1,1,1,28.65,0,25,5,2,7,180,0,1700000.0,0.980267540344
1,1,1,1,26.43,0,25,1,3,2,180,1,1220000.0,0.980267540344
1,1,1,1,36.42,8.0,25,6,2,7,180,0,1900000.0,0.980267540344
1,1,1,1,30.0,0,27,6,3,6,180,1,1880000.0,0.980267540344
1,0,1,1,29.13,10.0,25,4,3,5,180,0,1193000.0,0.980267540344
1,1,1,1,31.94,0,25,4,2,2,180,1,1790000.0,0.980267540344
1,1,1,1,35.18,0,22,6,2,9,180,1,1860000.0,0.980267540344
1,1,1,1,28.65,4.0,25,1,3,6,180,0,1590000.0,0.980267540344
1,1,1,1,24.03,0,20,6,2,1,180,1,1200000.0,0.980267540344
1,0,1,0,26.71,0,26,6,3,2,180,1,1166000.0,0.980267540344
1,1,1,1,32.5,0,25,6,2,9,180,1,1850000.0,0.980267540344
1,1,1,1,31.94,0,25,6,3,4,180,1,2000000.0,0.980267540344
1,0,1,1,28.85,0,26,6,2,5,181,1,1270000.0,0.920010786151
1,1,1,1,29.68,0,25,6,2,2,181,0,1220000.0,0.920010786151
1,0,1,1,26.0,0,25,6,2,2,181,1,1260000.0,0.920010786151
1,1,1,1,32.8,0,22,6,3,2,181,0,1850000.0,0.920010786151
1,0,1,0,25.39,8.0,23,6,2,6,181,0,980000.0,0.920010786151
1,1,1,1,32.09,4.0,22,4,3,7,182,0,1730000.0,0.966976843263
1,0,1,1,31.0,0,23,6,3,4,182,1,1142500.0,0.966976843263
1,1,1,1,44.7,0,24,6,3,5,182,1,1620000.0,0.966976843263
1,0,1,1,22.22,4.0,25,4,2,2,182,0,1050000.0,0.966976843263
1,0,1,1,28.9,0,23,4,2,1,182,1,1130000.0,0.966976843263
1,0,1,1,23.0,0,22,2,3,4,182,0,970000.0,0.966976843263
1,1,1,1,27.12,0,25,6,2,9,182,1,1639000.0,0.966976843263
1,1,1,1,32.46,0,25,6,2,7,182,1,1840000.0,0.966976843263
1,0,1,1,25.39,0,23,5,2,6,182,1,1175000.0,0.966976843263
1,1,1,1,31.62,8.0,25,6,3,9,182,0,2148000.0,0.966976843263
1,1,1,1,36.0,0,24,6,3,5,182,1,1750000.0,0.966976843263
1,0,1,1,24.0,0,23,5,3,1,182,1,1030000.0,0.966976843263
1,1,1,1,34.99,0,25,6,2,10,182,1,1950000.0,0.966976843263
1,0,1,0,19.16,0,23,6,2,4,182,1,840000.0,0.966976843263
1,1,1,1,30.31,4.0,25,6,3,7,182,0,1975000.0,0.966976843263
1,1,1,1,29.0,0,25,4,3,4,182,1,1650000.0,0.966976843263
1,1,1,1,28.82,0,24,6,2,4,182,1,1690000.0,0.966976843263
1,1,1,1,28.82,0,25,6,2,8,182,1,1685000.0,0.966976843263
1,1,1,1,34.96,0,25,5,2,5,182,1,2000000.0,0.966976843263
1,1,1,1,32.62,0,25,4,3,4,182,1,1900000.0,0.966976843263
1,1,1,1,61.47,0,23,6,2,2,182,1,1880000.0,0.966976843263
1,0,1,1,30.0,0,27,6,3,3,182,1,1300000.0,0.966976843263
1,1,1,1,30.27,0,27,1,3,7,182,1,2000000.0,0.966976843263
1,0,1,0,26.71,0,26,1,2,7,182,0,1100000.0,0.966976843263
1,0,1,1,27.8,0,22,6,2,2,182,1,1300000.0,0.966976843263
1,1,1,1,28.71,0,24,6,3,2,182,0,1210000.0,0.966976843263
1,1,1,1,38.16,0,23,2,2,2,182,0,1300000.0,0.966976843263
1,1,1,1,36.33,0,25,4,2,8,183,1,1820000.0,0.980535605244
1,1,1,1,33.89,0,25,6,3,6,183,1,1850000.0,0.980535605244
1,0,1,1,25.52,0,23,6,2,8,183,1,1250000.0,0.980535605244
1,0,1,1,44.0,0,25,4,3,2,183,1,1450000.0,0.980535605244
1,1,1,1,35.5,0,24,6,3,8,183,1,1880000.0,0.980535605244
1,1,1,1,33.0,0,24,6,3,4,183,1,2030000.0,0.980535605244
1,0,1,0,25.41,0,23,6,2,3,183,1,1205800.0,0.980535605244
1,0,1,1,29.0,0,24,5,3,3,183,1,1220000.0,0.980535605244
1,1,2,1,38.1,0,27,5,2,9,183,1,2488000.0,0.980535605244
1,0,1,0,25.39,0,23,5,3,7,183,1,1250000.0,0.980535605244
1,0,0,1,25.71,0,20,6,3,2,183,0,1060000.0,0.980535605244
1,1,1,1,38.62,0,22,6,2,6,183,1,2150000.0,0.980535605244
1,1,2,1,31.92,0,25,6,2,2,183,1,1850000.0,0.980535605244
1,0,1,0,26.71,0,26,4,2,8,183,1,1270000.0,0.980535605244
1,1,1,0,30.06,0,23,5,2,5,183,1,1280000.0,0.980535605244
1,1,1,1,62.0,0,24,4,3,7,183,1,1970000.0,0.980535605244
1,1,1,1,37.72,0,22,6,2,5,183,1,1635000.0,0.980535605244
1,1,1,1,26.0,0,23,6,2,2,183,1,1110000.0,0.980535605244
1,1,1,1,27.86,0,25,2,2,6,183,1,1657000.0,0.980535605244
1,1,1,1,31.14,0,25,6,2,9,183,1,1680000.0,0.980535605244
1,1,1,1,19.14,0,20,4,2,8,183,1,1040000.0,0.980535605244
1,1,1,1,41.03,0,28,6,2,9,183,1,2780000.0,0.980535605244
1,1,1,1,34.24,0,20,6,2,2,183,1,1350000.0,0.980535605244
1,1,1,1,29.0,0,24,6,3,7,183,1,1550000.0,0.980535605244
1,0,1,1,34.0,0,26,6,2,4,183,0,1290000.0,0.980535605244
1,1,1,1,31.47,0,22,6,2,9,183,1,1820000.0,0.980535605244
1,1,1,1,31.14,6.0,27,4,3,4,183,1,2040000.0,0.980535605244
2,1,1,1,30.31,0,27,6,3,5,183,1,1990000.0,0.980535605244
1,0,1,0,25.71,0,23,6,3,7,183,1,1200000.0,0.980535605244
1,1,1,1,26.34,0,22,5,3,3,183,0,1250000.0,0.980535605244
1,1,1,1,30.27,0,22,1,2,5,183,1,2000000.0,0.980535605244
1,0,1,1,29.13,0,22,5,3,5,183,1,1250000.0,0.980535605244
1,1,1,1,39.7,0,28,6,2,4,183,1,2520000.0,0.980535605244
1,1,1,1,30.0,0,26,5,3,9,183,1,2000000.0,0.980535605244
1,0,1,1,25.84,0,23,2,3,10,183,1,1230000.0,0.980535605244
1,1,1,1,28.65,0,23,5,2,3,183,1,1720000.0,0.980535605244
2,1,1,1,52.0,0,27,4,3,6,183,1,3525000.0,0.980535605244
1,0,1,1,26.0,0,22,5,2,2,183,1,1170000.0,0.980535605244
1,1,1,1,28.38,0,22,6,2,9,183,1,1730000.0,0.980535605244
1,0,1,1,29.52,0,25,5,3,4,184,1,1318000.0,1.00517679108
1,0,1,1,62.0,0,26,6,3,5,184,0,1850000.0,1.00517679108
1,1,1,1,24.03,0,23,5,2,2,184,1,1180000.0,1.00517679108
1,1,1,1,30.74,0,25,4,2,6,184,1,2038000.0,1.00517679108
1,0,1,1,26.0,0,25,4,2,4,184,1,1300000.0,1.00517679108
1,0,1,1,23.8,0,23,5,3,8,184,1,1228000.0,1.00517679108
1,1,1,0,27.09,0,23,6,3,2,184,1,1075000.0,1.00517679108
1,1,1,1,29.09,0,25,4,3,9,184,1,1550000.0,1.00517679108
2,1,1,1,116.32,0,23,6,2,6,184,1,4300000.0,1.00517679108
1,0,1,1,31.0,0,27,4,3,3,184,1,1210000.0,1.00517679108
1,1,1,1,31.89,0,22,5,2,8,184,0,1845000.0,1.00517679108
1,1,2,1,39.7,0,25,6,2,7,184,1,2520000.0,1.00517679108
1,1,1,1,33.89,0,25,4,2,8,184,1,1920000.0,1.00517679108
1,1,2,1,33.89,0,25,5,2,8,184,1,1860000.0,1.00517679108
1,1,1,1,36.5,0,27,6,3,4,184,1,2375000.0,1.00517679108
1,1,1,1,33.0,0,25,6,3,5,184,1,1940000.0,1.00517679108
1,1,1,1,32.93,0,23,4,2,4,184,1,1855000.0,1.00517679108
1,0,1,0,25.0,0,26,4,3,7,184,1,1259000.0,1.00517679108
1,1,1,1,31.91,0,23,3,2,2,184,1,1930000.0,1.00517679108
1,0,1,1,26.34,0,22,6,2,4,184,1,1315000.0,1.00517679108
1,1,1,1,37.41,0,27,5,3,9,184,1,2380000.0,1.00517679108
1,1,1,1,36.77,0,23,4,3,2,184,1,1415000.0,1.00517679108
1,0,1,1,28.62,0,24,6,2,3,184,1,1288000.0,1.00517679108
1,1,1,1,36.77,0,23,4,2,7,184,1,1260000.0,1.00517679108
1,1,1,1,30.0,0,27,6,2,4,184,1,1830000.0,1.00517679108
1,1,1,1,31.91,0,25,6,3,3,184,1,2030000.0,1.00517679108
1,0,1,1,26.0,0,22,4,3,3,184,1,1180000.0,1.00517679108
1,1,1,1,29.48,0,24,6,2,8,184,0,2020000.0,1.00517679108
1,0,1,1,26.0,0,25,5,3,3,184,1,1300000.0,1.00517679108
1,0,1,1,38.38,0,23,4,3,6,184,1,1330000.0,1.00517679108
1,0,1,1,28.09,0,25,6,2,4,184,1,1290000.0,1.00517679108
1,1,1,1,33.86,0,20,2,3,8,184,1,1245000.0,1.00517679108
1,1,1,1,29.0,0,25,5,3,4,184,0,1720000.0,1.00517679108
1,1,1,1,27.15,0,25,6,2,6,184,1,1700000.0,1.00517679108
1,0,1,0,19.0,0,26,5,3,6,184,0,990000.0,1.00517679108
1,0,1,1,28.29,0,25,6,2,5,184,1,1300000.0,1.00517679108
1,1,2,1,39.09,0,27,6,3,8,184,0,2540000.0,1.00517679108
1,0,1,0,35.95,0,25,6,2,8,184,1,1200000.0,1.00517679108
1,0,1,1,36.77,6.0,20,6,2,7,185,1,1470000.0,1.0
1,0,1,1,34.0,0,23,6,2,8,185,1,1305000.0,1.0
1,1,1,1,28.97,0,25,4,3,4,185,1,1730000.0,1.0
1,0,1,0,19.16,0,23,6,3,4,185,1,1150000.0,1.0
1,0,1,1,32.58,0,22,6,2,3,185,1,1370000.0,1.0
1,1,1,1,29.0,0,25,4,3,3,185,1,1620000.0,1.0
2,1,1,1,51.84,0,25,6,2,3,185,1,2810000.0,1.0
1,1,1,1,32.5,0,25,6,3,7,185,1,1930000.0,1.0
1,1,2,1,32.0,0,24,6,2,4,185,1,2100000.0,1.0
1,1,1,1,27.86,4.0,22,4,2,9,185,1,1750000.0,1.0
1,1,1,1,29.0,0,27,4,2,9,185,1,1880000.0,1.0
1,1,1,1,31.0,0,26,6,2,6,185,1,2080000.0,1.0
1,1,1,1,37.72,6.0,27,6,2,5,185,1,1780000.0,1.0
1,0,1,1,25.39,0,23,6,3,2,185,1,1230000.0,1.0
1,1,1,1,38.0,0,28,6,2,5,185,1,1660000.0,1.0
1,0,1,1,48.27,0,28,6,3,2,185,1,1925000.0,1.0
1,1,1,1,31.11,8.0,23,6,2,2,185,1,2030000.0,1.0
1,1,1,1,29.09,4.0,22,2,3,8,185,1,1550000.0,1.0
1,0,1,1,31.35,6.0,27,6,2,2,185,1,1395000.0,1.0
1,1,2,1,41.03,0,28,4,3,9,185,1,3000000.0,1.0
1,1,1,1,32.84,0,25,5,2,8,185,1,1950000.0,1.0
1,0,1,1,47.55,0,22,6,2,2,185,1,1900000.0,1.0
1,1,1,1,29.0,4.0,25,4,3,8,185,1,1740000.0,1.0
1,1,1,1,33.0,8.0,25,6,2,6,185,1,2045000.0,1.0
1,0,1,1,43.74,6.0,27,4,3,3,185,1,1400000.0,1.0
1,1,1,1,32.06,8.0,22,5,2,7,185,1,2058000.0,1.0
4,2,1,3,253.35,0,26,5,2,0,185,1,7650000.0,1.0
1,1,1,1,39.65,0,22,6,2,9,185,1,2650000.0,1.0
1,1,2,1,30.31,4.0,25,6,3,9,185,1,2180000.0,1.0
1,1,1,1,25.81,0,25,6,2,2,185,1,1175000.0,1.0
1,1,1,1,35.34,2.0,23,6,3,9,185,0,1720000.0,1.0
1,1,1,1,34.53,7.0,22,6,2,8,185,1,2010000.0,1.0
1,1,1,1,28.0,4.0,25,1,2,9,185,1,1740000.0,1.0
1,1,1,1,27.63,4.0,22,6,3,2,185,1,1542000.0,1.0
1,0,1,1,22.22,4.0,22,5,2,2,185,1,1150000.0,1.0
1,1,1,0,30.06,4.0,22,5,2,7,185,1,1300000.0,1.0
1,0,1,1,26.0,4.0,23,6,3,7,185,1,1350000.0,1.0
1,1,1,1,32.84,8.0,22,2,3,6,185,1,1950000.0,1.0
1,1,1,1,33.0,8.0,25,6,3,2,185,1,1620000.0,1.0
1,1,1,1,36.0,6.0,23,6,3,6,185,1,1800000.0,1.0
1,1,1,1,48.27,6.0,28,4,2,5,185,1,2300000.0,1.0
1,0,1,1,27.0,6.0,23,6,3,3,185,1,1350000.0,1.0
1,1,1,1,33.0,8.0,25,6,3,2,185,1,1900000.0,1.0
1,1,1,1,39.05,2.0,22,6,2,4,186,1,2600000.0,1.0817491599
1,1,1,1,35.0,7.0,22,6,2,8,186,1,2050000.0,1.0817491599
1,1,2,1,30.27,4.0,26,6,3,6,186,1,2200000.0,1.0817491599
1,1,1,1,30.0,4.0,27,4,3,7,186,1,2060000.0,1.0817491599
1,1,1,1,32.8,8.0,25,6,2,3,186,1,2000000.0,1.0817491599
1,1,1,1,36.96,6.0,23,6,2,7,186,1,1880000.0,1.0817491599
1,0,1,0,25.75,8.0,23,5,3,5,186,1,1310000.0,1.0817491599
1,0,1,1,34.0,6.0,23,5,3,7,186,1,1450000.0,1.0817491599
1,1,1,1,36.46,6.0,26,6,2,2,186,1,2650000.0,1.0817491599
1,1,1,1,32.0,8.0,25,6,3,7,186,1,1990000.0,1.0817491599
1,1,1,1,28.98,4.0,25,5,2,6,186,1,1840000.0,1.0817491599
1,1,2,1,40.73,6.0,27,4,3,4,186,1,2880000.0,1.0817491599
1,0,1,1,26.36,6.0,23,5,3,3,186,1,1299000.0,1.0817491599
1,1,1,1,31.65,4.0,24,6,3,8,186,0,1840000.0,1.0817491599
1,0,1,1,47.6,10.0,25,6,3,3,186,1,1900000.0,1.0817491599
1,1,2,1,31.76,6.0,28,6,3,2,186,1,2150000.0,1.0817491599
2,1,2,1,41.03,6.0,28,6,3,10,186,1,2988000.0,1.0817491599
1,1,1,1,29.48,4.0,24,5,2,5,186,1,1880000.0,1.0817491599
1,0,1,0,25.3,8.0,23,6,3,5,186,1,1340000.0,1.0817491599
1,1,1,1,48.96,8.0,27,6,2,5,186,1,2095000.0,1.0817491599
1,0,1,1,36.65,2.0,20,6,2,7,186,1,1425000.0,1.0817491599
1,0,1,1,25.81,8.0,22,6,2,3,186,1,1170000.0,1.0817491599
